154.88 -55.48 104.96
154.79 -55.46 104.99
154.76 -55.50 105.01
154.81 -55.50 104.92
154.83 -55.56 104.90
154.82 -55.60 104.92
154.74 -55.58 104.97
154.70 -55.59 104.98
154.75 -55.65 104.91
154.78 -55.66 104.85
154.86 -55.72 104.75
154.81 -55.75 104.78
154.73 -55.68 104.88
154.60 -55.63 105.00
154.54 -55.59 104.99
154.60 -55.64 104.93
154.65 -55.72 104.88
154.55 -55.74 104.97
154.51 -55.77 104.99
154.37 -55.79 105.09
154.39 -55.84 105.08
154.42 -55.90 105.03
154.45 -55.94 105.00
154.46 -55.95 104.96
154.48 -55.97 104.91
154.48 -55.92 104.86
154.52 -55.89 104.82
154.50 -55.88 104.85
154.47 -55.83 104.87
154.45 -55.79 104.89
154.50 -55.73 104.82
154.57 -55.73 104.73
154.57 -55.72 104.73
154.53 -55.67 104.80
154.45 -55.56 104.87
154.40 -55.52 104.92
154.43 -55.55 104.91
154.46 -55.56 104.90
154.40 -55.54 104.96
154.27 -55.54 105.04
154.21 -55.61 105.08
154.20 -55.67 105.07
154.18 -55.72 105.10
154.19 -55.76 105.07
154.14 -55.76 105.15
154.23 -55.86 105.13
154.27 -55.89 105.08
154.24 -55.83 105.04
154.16 -55.88 105.16
154.17 -55.90 105.15
154.24 -55.88 105.03
154.28 -55.93 104.96
154.28 -55.89 104.94
154.28 -55.89 104.94
154.27 -55.96 104.95
154.29 -55.97 104.88
154.31 -55.92 104.84
154.30 -55.92 104.85
154.27 -55.85 104.88
154.30 -55.86 104.77
154.36 -55.89 104.71
154.30 -55.83 104.77
154.16 -55.78 104.94
153.98 -55.69 105.09
153.81 -55.62 105.26
153.68 -55.56 105.36
153.61 -55.47 105.44
153.47 -55.33 105.54
153.32 -55.20 105.72
153.07 -55.03 105.97
152.72 -54.87 106.39
152.54 -54.68 106.63
152.51 -54.67 106.73
152.49 -54.65 106.76
152.37 -54.63 106.91
152.33 -54.53 107.05
151.97 -54.26 107.51
151.53 -53.88 108.13
151.03 -53.37 108.91
150.49 -52.83 109.78
149.91 -52.17 110.90
149.33 -51.34 112.10
148.62 -50.25 113.44
147.86 -49.05 114.71
146.97 -47.67 116.16
146.07 -46.21 117.49
145.10 -44.67 118.92
144.12 -43.23 120.39
143.19 -41.75 121.83
142.37 -40.33 122.95
141.54 -38.74 124.03
140.73 -37.26 124.86
139.83 -35.76 125.73
138.94 -34.41 126.74
137.99 -33.04 127.88
137.18 -31.66 128.82
136.26 -30.15 129.76
135.43 -28.78 130.62
134.46 -27.33 131.61
133.65 -25.95 132.56
132.88 -24.56 133.34
132.22 -23.15 134.10
131.52 -21.80 134.97
130.87 -20.42 135.92
130.45 -18.88 136.75
129.84 -17.01 137.46
129.28 -15.26 138.21
128.65 -13.45 138.97
128.37 -11.66 139.59
127.97 -9.87 140.38
127.54 -8.10 141.28
127.03 -5.91 142.24
126.65 -3.68 142.97
126.23 -1.42 143.67
125.77 0.59 144.45
125.73 2.57 145.43
125.45 4.63 146.08
125.10 6.92 146.55
124.72 9.13 146.91
124.40 11.37 147.45
124.07 13.51 147.77
123.87 15.43 148.14
123.85 17.39 148.40
123.51 19.58 148.54
123.23 21.57 148.87
122.91 23.69 149.38
122.95 25.88 149.71
122.75 27.98 149.88
122.56 29.98 149.94
122.37 31.67 150.15
122.29 33.47 150.48
122.13 35.29 150.77
122.02 37.25 151.05
121.89 38.92 151.07
121.68 40.56 151.01
121.55 42.08 151.11
121.47 43.55 151.50
121.50 44.94 151.88
121.33 46.23 151.98
121.18 47.21 151.99
120.99 48.24 152.08
120.86 49.30 152.19
120.68 50.36 152.15
120.49 51.48 152.13
120.06 52.73 151.83
119.47 53.72 151.08
118.61 54.70 149.96
117.83 55.98 148.90
117.39 57.01 148.31
117.27 57.75 148.16
117.24 58.41 148.21
117.41 58.67 148.40
117.80 58.34 148.67
118.29 57.69 149.10
118.82 57.04 149.63
119.10 56.46 149.91
119.33 55.96 150.16
119.55 55.45 150.40
119.60 54.94 150.38
119.43 54.47 149.88
119.35 54.04 149.31
119.44 53.59 149.06
119.93 53.07 149.45
120.63 52.32 150.11
120.82 51.56 149.77
121.10 50.45 149.16
121.64 49.22 149.19
122.29 47.74 149.48
122.84 46.49 149.69
123.18 44.59 149.23
123.47 42.65 148.76
124.01 40.28 148.55
124.67 37.95 148.32
125.01 35.60 147.51
125.61 33.12 146.85
126.34 30.41 146.46
127.17 27.60 146.16
127.56 25.07 145.39
128.27 22.46 144.83
128.98 19.85 144.68
129.83 16.95 144.56
130.47 14.64 144.13
131.14 12.19 143.95
131.74 10.05 143.52
132.21 7.69 143.29
132.84 5.32 143.36
133.44 3.11 142.70
133.97 1.23 141.17
134.54 -1.26 140.79
135.12 -3.61 141.34
135.98 -5.80 141.22
136.26 -7.50 139.83
136.70 -9.52 138.46
137.17 -12.05 139.04
137.96 -14.55 138.46
138.56 -16.08 136.81
139.28 -17.89 135.03
139.85 -20.27 134.09
140.49 -22.77 133.63
141.19 -24.99 132.94
141.73 -27.05 132.18
142.02 -28.75 131.47
142.32 -30.40 130.48
142.77 -32.23 129.38
143.29 -34.00 128.38
144.18 -35.78 127.01
145.01 -37.34 125.35
145.85 -39.20 124.15
146.52 -41.08 123.45
147.55 -42.86 122.15
148.65 -44.52 120.85
149.92 -46.09 119.34
151.12 -47.25 117.69
152.14 -48.55 116.31
152.99 -49.82 115.43
153.83 -50.86 114.58
154.54 -51.59 113.75
155.24 -52.22 112.77
155.63 -52.72 112.07
155.97 -53.15 111.57
156.34 -53.45 111.24
156.64 -53.56 111.04
156.71 -53.52 110.97
156.68 -53.44 110.96
156.40 -53.33 111.08
156.22 -53.27 111.23
156.22 -53.21 111.14
156.11 -53.24 111.20
155.96 -53.27 111.27
155.72 -53.31 111.31
155.66 -53.59 111.17
155.68 -53.85 110.92
155.60 -54.02 110.77
155.47 -54.16 110.64
155.42 -54.36 110.30
155.38 -54.59 109.99
155.23 -54.72 109.87
155.20 -54.79 109.64
155.14 -54.89 109.40
155.18 -55.03 109.03
155.27 -55.20 108.63
155.43 -55.42 108.21
155.53 -55.55 107.89
155.46 -55.60 107.78
155.25 -55.60 107.86
155.29 -55.74 107.64
155.30 -55.88 107.47
155.38 -56.06 107.34
155.47 -56.15 107.08
155.43 -56.23 107.04
155.45 -56.33 106.97
155.59 -56.46 106.71
155.74 -56.58 106.55
155.74 -56.60 106.54
155.63 -56.54 106.63
155.71 -56.64 106.52
155.94 -56.84 106.29
156.01 -56.93 106.28
155.90 -56.92 106.46
155.61 -56.83 106.80
155.29 -56.75 107.14
155.06 -56.71 107.41
154.96 -56.63 107.54
154.64 -56.48 107.89
154.12 -56.26 108.49
153.44 -55.94 109.31
152.62 -55.65 110.35
151.90 -55.09 111.29
150.93 -54.33 112.47
149.71 -53.28 113.94
148.39 -51.99 115.38
147.06 -50.58 116.94
145.83 -49.28 118.38
144.67 -47.83 119.79
143.57 -46.43 121.11
142.53 -44.98 122.36
141.56 -43.60 123.46
140.62 -42.24 124.48
139.71 -40.77 125.41
138.80 -39.33 126.16
137.87 -37.87 126.98
136.93 -36.60 127.92
136.02 -35.23 128.81
135.19 -33.92 129.59
134.42 -32.66 130.39
133.70 -31.43 131.12
132.96 -30.10 131.99
132.28 -28.78 132.91
131.53 -27.23 133.66
130.78 -25.76 134.44
129.99 -24.35 135.40
129.34 -22.95 136.22
128.69 -21.36 137.02
128.30 -19.79 137.85
127.72 -18.13 138.63
127.23 -16.57 139.48
126.68 -14.85 140.29
126.23 -13.12 141.16
125.81 -11.21 142.01
125.41 -9.36 142.65
125.19 -7.45 143.42
124.78 -5.64 144.29
124.41 -3.75 145.21
124.09 -1.79 146.11
124.00 0.11 146.82
123.70 2.14 147.76
123.47 4.06 148.88
123.19 6.26 150.28
123.03 8.51 151.10
122.72 10.77 151.30
122.43 12.62 151.50
122.08 14.72 151.67
121.77 16.54 151.72
121.46 18.60 151.61
121.05 20.43 151.40
120.84 22.22 151.34
120.63 23.74 151.23
120.53 25.48 151.10
120.54 27.41 150.86
120.32 29.47 150.29
120.04 31.43 149.74
120.00 33.23 149.71
120.43 34.82 150.08
120.64 36.38 150.61
120.67 37.91 150.83
120.47 39.39 150.54
120.69 40.40 150.65
121.05 41.36 151.39
121.46 42.51 152.05
121.17 43.58 151.69
121.00 44.34 151.14
121.15 45.01 151.26
121.77 45.72 152.04
122.07 46.43 152.28
121.99 47.08 151.71
121.92 47.65 151.26
122.56 48.35 151.88
122.92 49.22 152.39
122.76 49.99 151.86
122.61 50.43 151.16
122.95 50.67 151.21
123.48 50.77 151.66
124.24 50.71 152.50
124.75 50.34 153.05
124.93 49.94 153.11
125.14 49.55 153.28
125.33 49.19 153.53
125.38 48.97 153.49
125.21 48.71 153.12
124.95 48.49 152.54
124.76 48.32 151.95
124.72 48.08 151.52
124.70 47.72 150.92
124.82 47.11 150.38
125.12 46.31 149.91
125.31 45.49 149.40
125.56 44.29 149.04
125.93 42.89 148.78
126.32 41.43 148.56
126.62 40.10 148.00
126.75 38.73 147.13
127.21 37.09 146.74
127.63 35.28 146.58
127.93 33.43 146.10
128.13 31.60 145.65
128.42 29.53 144.69
128.73 27.22 144.15
129.14 24.83 144.46
129.42 22.56 144.05
129.59 20.18 143.26
130.08 17.60 143.07
130.87 14.70 143.71
131.13 12.52 143.48
131.11 10.22 142.08
131.30 7.76 140.34
131.60 4.82 140.51
132.01 1.84 141.36
132.23 -0.43 140.58
132.22 -2.46 137.77
132.42 -5.16 136.86
132.77 -8.17 137.07
133.17 -10.43 135.55
133.49 -12.44 133.27
133.57 -14.31 131.51
133.86 -16.77 130.89
134.77 -19.16 129.91
135.85 -20.98 127.99
136.35 -22.17 124.96
136.39 -24.04 124.22
136.16 -26.38 125.14
136.60 -28.24 124.85
137.18 -29.52 123.01
137.66 -30.56 120.50
137.72 -32.15 119.68
137.75 -34.19 120.26
138.17 -35.45 119.69
138.67 -36.52 118.57
139.16 -37.59 117.29
139.67 -38.90 116.03
140.22 -40.45 115.29
140.89 -42.15 114.72
141.71 -43.62 114.01
142.50 -44.87 113.11
143.30 -46.18 112.17
144.16 -47.28 111.01
144.93 -48.44 109.93
145.53 -49.50 109.34
146.16 -50.46 108.80
146.71 -51.09 108.32
147.16 -51.64 108.01
147.59 -52.13 107.81
147.93 -52.55 107.86
148.20 -52.75 108.07
148.62 -52.72 107.95
148.81 -52.58 107.71
148.70 -52.40 107.64
148.37 -52.33 107.97
148.14 -52.38 108.08
148.24 -52.50 107.82
148.39 -52.65 107.48
148.50 -52.82 107.19
148.58 -53.13 106.95
148.60 -53.38 106.72
148.51 -53.53 106.51
148.30 -53.62 106.33
148.15 -53.88 106.20
148.09 -54.10 106.03
148.08 -54.25 105.81
148.13 -54.45 105.49
148.29 -54.70 105.05
148.46 -54.95 104.67
148.59 -55.18 104.29
148.72 -55.39 103.94
148.77 -55.55 103.65
148.79 -55.74 103.36
148.88 -55.88 103.11
148.98 -55.94 102.83
149.14 -56.08 102.56
149.24 -56.24 102.34
149.29 -56.34 102.24
149.21 -56.51 102.38
149.15 -56.61 102.45
149.15 -56.54 102.35
149.01 -56.41 102.48
148.84 -56.34 102.65
148.68 -56.23 102.89
148.33 -56.02 103.49
147.86 -55.56 104.28
147.19 -54.75 105.29
146.31 -53.82 106.61
145.43 -52.77 107.97
144.69 -51.67 109.21
143.83 -50.61 110.57
143.06 -49.53 112.16
142.55 -48.31 113.28
141.83 -47.00 114.42
141.09 -45.91 115.53
140.31 -44.96 116.67
139.56 -44.23 117.97
138.86 -43.36 119.15
138.13 -42.23 120.18
137.21 -40.95 121.17
136.18 -39.74 122.29
135.12 -38.59 123.64
134.22 -37.64 124.89
133.42 -36.54 126.03
132.71 -35.36 126.99
131.96 -34.09 128.09
131.16 -32.85 129.24
130.32 -31.51 130.53
129.64 -30.20 131.64
129.02 -28.74 132.67
128.51 -27.28 133.66
127.90 -25.67 134.68
127.29 -24.04 135.60
126.53 -22.36 136.75
126.14 -20.83 137.73
125.68 -19.29 138.80
125.28 -17.59 139.81
124.90 -15.88 140.59
124.57 -14.12 141.30
124.18 -12.58 142.26
123.88 -10.99 143.32
123.89 -9.43 144.34
123.52 -7.59 145.28
123.35 -5.96 146.22
123.07 -4.29 147.37
122.97 -2.58 148.44
122.70 -0.73 149.41
122.47 1.02 150.24
122.13 2.83 151.22
121.96 4.74 152.12
121.74 6.72 152.67
121.46 8.62 152.98
121.49 10.50 153.69
121.32 12.32 154.46
121.16 14.47 155.21
120.88 16.58 155.50
120.80 18.38 155.71
120.67 20.04 156.14
120.74 21.95 156.64
120.53 24.19 156.86
120.21 26.44 156.77
119.93 28.52 156.62
119.91 30.20 156.67
119.67 32.09 156.77
119.52 33.96 156.95
119.31 36.01 156.78
118.91 37.64 156.34
118.80 39.01 156.37
118.84 40.45 156.77
118.71 42.10 156.93
118.38 43.70 156.58
118.11 45.12 156.07
118.16 46.30 156.06
118.14 47.67 156.25
117.70 49.09 156.08
117.32 50.35 155.73
117.07 51.15 155.34
116.97 52.02 155.16
116.93 52.82 154.83
116.67 53.65 154.18
116.70 54.17 153.79
117.48 54.24 154.38
118.35 54.30 155.35
118.88 54.33 155.66
118.92 54.41 155.29
119.09 54.48 155.08
119.37 54.64 155.17
119.59 54.73 155.35
119.63 54.76 155.24
119.55 54.59 154.94
119.54 54.33 154.63
119.59 53.89 154.45
119.74 53.47 154.42
119.84 53.22 154.24
119.73 52.77 153.54
119.71 52.13 152.85
119.99 51.46 152.55
120.38 50.89 152.45
120.69 50.20 151.80
120.87 49.39 151.12
121.39 48.27 151.02
122.34 46.91 151.79
123.15 45.14 151.64
123.56 43.00 149.86
124.11 40.43 148.79
125.26 37.92 149.30
126.68 35.01 149.71
127.53 31.81 148.92
128.16 28.36 147.55
128.79 25.39 147.42
129.73 22.73 148.25
130.36 20.02 147.91
130.58 17.62 146.50
130.82 15.09 145.33
131.31 12.54 145.28
132.00 10.04 145.02
132.39 8.07 143.57
132.43 6.24 141.58
132.55 4.21 140.44
133.10 1.72 140.70
133.80 -0.50 140.61
134.24 -2.13 139.45
134.29 -3.56 137.32
134.38 -5.59 136.05
134.67 -7.86 136.36
134.82 -9.62 135.89
134.98 -11.17 134.28
135.27 -12.80 132.23
135.60 -14.62 131.18
135.93 -16.28 131.26
136.18 -17.49 130.96
136.52 -18.62 129.44
136.68 -19.63 127.45
136.71 -21.23 127.12
136.81 -22.72 127.63
137.16 -23.72 127.30
137.51 -24.72 125.75
137.62 -25.68 123.85
137.68 -27.19 122.40
137.74 -28.98 121.38
137.97 -30.91 120.32
138.37 -32.79 118.99
139.00 -34.82 117.47
139.43 -36.85 116.21
139.93 -39.13 114.94
140.47 -41.52 113.82
141.29 -44.10 112.49
142.48 -46.40 111.07
143.75 -48.40 109.74
144.75 -50.02 108.76
145.83 -51.52 107.78
146.79 -52.61 106.90
147.82 -53.53 105.86
148.47 -54.07 105.09
148.83 -54.33 104.44
149.30 -54.61 103.58
149.91 -54.95 102.46
150.47 -55.23 101.29
150.73 -55.28 100.65
150.43 -55.14 100.88
150.09 -54.89 101.17
149.76 -54.69 101.35
149.49 -54.57 101.48
148.96 -54.43 101.93
148.47 -54.40 102.51
148.29 -54.57 102.73
148.47 -54.67 102.42
148.39 -54.92 102.34
148.21 -54.99 102.36
148.05 -55.10 102.25
148.12 -55.39 101.83
148.32 -55.75 101.26
148.54 -56.01 100.77
148.46 -56.22 100.70
148.14 -56.28 100.81
148.17 -56.58 100.64
148.31 -56.80 100.34
148.33 -56.81 100.06
147.79 -56.78 100.38
147.47 -56.94 100.57
147.50 -57.13 100.26
147.51 -57.30 100.10
147.22 -57.35 100.30
146.95 -57.27 100.57
146.64 -57.26 100.92
146.35 -57.29 101.28
145.87 -57.15 101.89
145.08 -56.83 102.98
143.93 -56.21 104.66
142.70 -55.29 106.56
141.35 -54.10 108.60
140.14 -52.76 110.55
138.84 -51.20 112.68
137.49 -49.60 114.78
136.19 -47.85 116.81
135.14 -46.20 118.55
134.17 -44.42 120.03
133.34 -42.76 121.28
132.42 -41.05 122.75
131.60 -39.47 124.19
130.70 -37.69 125.44
130.00 -35.97 126.27
129.26 -34.23 127.01
128.51 -32.58 127.83
127.68 -30.70 128.97
126.72 -28.76 130.39
125.77 -26.72 131.76
124.93 -24.77 132.64
124.37 -22.79 133.36
123.75 -20.97 134.14
123.16 -19.07 135.15
122.49 -17.01 136.26
122.02 -15.14 137.11
121.71 -13.17 137.81
121.46 -11.44 138.50
121.33 -9.63 139.57
121.11 -7.80 140.82
120.90 -5.74 142.11
120.71 -3.89 143.38
120.57 -2.11 145.26
120.48 -0.50 147.50
120.64 1.38 149.42
120.50 3.58 150.50
120.28 6.14 151.22
120.04 8.43 152.03
119.85 10.60 153.07
119.69 12.66 153.95
119.51 15.25 154.56
119.43 17.33 154.94
119.17 19.48 155.26
119.02 21.59 155.67
118.87 23.94 156.07
118.61 26.44 156.25
118.52 28.73 156.47
118.35 30.91 156.60
118.23 32.88 156.93
117.96 35.18 157.40
117.65 37.38 157.69
117.15 39.47 157.38
116.57 41.27 156.85
116.10 43.00 156.18
115.49 44.94 155.70
114.70 47.21 155.19
114.08 48.96 154.70
113.32 50.48 153.76
112.43 52.03 152.56
111.62 53.77 151.45
110.73 55.71 150.42
110.22 57.55 149.85
109.75 58.99 149.41
108.84 60.11 148.29
107.31 61.17 146.39
106.11 62.15 144.78
106.06 62.56 144.61
106.71 62.85 145.24
106.89 62.66 145.30
107.07 62.10 145.17
107.39 61.57 145.22
108.04 61.09 145.55
108.51 60.65 145.51
108.72 60.23 145.20
109.23 59.59 144.93
109.79 59.02 144.66
110.53 58.60 144.62
111.73 58.20 145.10
113.08 57.37 145.43
113.89 56.48 145.07
114.39 55.74 144.08
115.16 54.85 143.42
116.84 53.42 143.69
118.49 51.97 144.19
120.18 50.13 144.47
121.72 48.23 144.20
123.22 46.09 144.02
124.78 44.05 144.17
126.37 41.65 144.64
127.84 39.07 145.06
129.09 36.04 145.08
129.88 33.44 145.06
130.74 30.70 144.77
131.35 27.61 144.15
132.17 24.15 143.10
132.95 21.14 142.40
133.55 18.40 141.44
133.99 15.46 139.92
134.58 12.47 137.98
135.09 9.33 136.62
135.78 6.69 135.97
136.32 3.65 134.92
137.03 1.18 132.94
137.59 -1.24 131.53
137.83 -3.16 130.63
138.09 -5.01 129.52
138.59 -6.69 128.47
139.32 -8.62 127.45
139.55 -10.18 126.67
139.76 -11.55 125.15
140.12 -12.97 122.69
140.49 -14.78 120.36
140.41 -16.64 119.30
140.36 -18.73 118.76
140.49 -20.98 117.96
141.01 -23.19 115.33
141.18 -25.33 113.06
140.92 -28.09 112.87
140.94 -30.32 113.07
141.19 -32.22 112.38
141.50 -33.75 111.14
141.79 -35.39 109.85
142.08 -37.17 109.13
142.57 -38.95 108.48
143.23 -40.64 107.56
144.07 -42.23 106.47
145.03 -44.07 105.32
146.17 -45.93 104.11
147.40 -47.71 102.75
148.44 -49.08 101.51
148.78 -50.10 100.77
149.18 -51.09 99.94
149.59 -51.85 98.77
149.98 -52.38 97.55
150.21 -52.80 96.89
150.21 -53.32 96.76
150.18 -53.62 97.11
150.27 -53.62 97.41
150.15 -53.50 97.88
149.98 -53.41 98.25
149.74 -53.32 98.60
149.45 -53.20 98.98
149.15 -53.18 99.36
148.91 -53.21 99.63
148.78 -53.22 99.65
148.67 -53.24 99.62
148.57 -53.47 99.54
148.80 -53.79 99.05
149.06 -53.97 98.41
149.22 -54.27 97.96
149.31 -54.51 97.61
149.33 -54.58 97.31
149.22 -54.62 97.19
149.25 -54.72 96.88
149.41 -54.60 96.48
149.22 -54.32 96.51
148.98 -54.00 96.77
148.68 -53.66 97.12
148.28 -53.46 97.51
147.95 -53.21 97.72
147.71 -52.90 97.87
147.36 -52.48 98.31
146.99 -52.05 98.88
146.67 -51.68 99.38
146.37 -51.43 99.87
146.04 -51.15 100.31
145.61 -50.73 100.87
144.96 -50.08 101.60
144.29 -49.41 102.57
143.50 -48.72 103.74
142.92 -47.87 105.18
142.45 -46.62 106.77
141.96 -45.05 107.89
141.17 -43.35 109.35
140.01 -41.54 111.64
138.83 -39.74 114.16
137.87 -37.71 116.35
137.15 -35.71 117.85
136.29 -33.68 119.14
135.46 -31.87 120.54
134.34 -29.95 122.32
133.42 -28.15 123.86
132.58 -26.22 125.03
131.76 -24.38 126.00
130.81 -22.60 127.24
129.86 -21.04 128.81
128.86 -19.19 130.50
127.81 -17.23 131.68
126.84 -15.30 132.72
125.91 -13.81 133.85
125.05 -12.26 135.17
124.36 -10.71 136.64
123.63 -8.50 137.87
122.74 -6.15 138.81
121.77 -3.91 139.84
121.17 -2.11 141.08
120.43 0.03 142.89
119.81 2.48 144.53
119.12 5.00 145.75
118.45 7.55 146.72
118.04 9.65 147.75
117.66 11.75 149.35
117.21 14.29 150.39
116.63 16.90 150.69
116.06 19.04 150.87
115.46 21.29 151.18
115.24 23.18 151.58
114.98 25.21 151.80
114.57 27.40 151.90
114.38 29.79 152.31
114.13 31.76 152.64
113.83 33.69 152.74
113.59 35.68 153.01
113.36 38.02 153.59
113.01 39.94 153.73
112.50 41.75 153.24
112.07 43.50 152.88
112.09 45.52 153.29
112.32 47.28 153.87
112.17 49.18 153.72
112.00 51.04 153.30
111.71 53.01 152.87
111.54 54.73 152.61
111.18 56.35 151.93
110.64 58.01 151.06
110.02 59.51 150.11
109.41 60.71 149.12
109.48 61.36 148.84
110.05 61.86 149.13
110.86 62.19 149.84
111.60 62.20 150.53
112.26 61.91 151.07
113.00 61.37 151.67
113.40 61.04 152.02
113.32 60.86 151.87
112.99 60.67 151.39
112.59 60.32 150.67
112.33 59.96 150.03
112.08 59.60 149.39
111.89 59.23 148.85
111.38 58.73 147.64
111.26 57.99 146.70
111.46 57.12 146.04
111.76 56.17 145.25
112.22 54.98 144.56
113.15 53.90 144.14
113.74 52.56 143.18
114.42 50.97 141.85
115.70 49.06 141.30
117.66 46.74 141.82
119.37 44.23 141.69
120.41 40.95 140.41
122.14 37.58 139.43
123.95 33.34 138.25
125.14 29.74 135.28
126.11 25.98 132.26
128.11 22.35 133.52
130.68 18.88 136.04
131.68 15.73 134.88
132.25 12.86 132.25
132.86 9.89 131.07
134.14 6.68 132.67
135.34 3.67 133.34
136.37 1.11 131.98
137.01 -1.28 130.13
138.15 -3.93 129.71
139.41 -6.67 130.38
140.94 -9.59 130.43
142.34 -11.81 128.65
143.40 -13.82 125.93
144.64 -15.87 124.20
146.12 -18.79 124.11
147.58 -21.29 123.70
148.87 -23.02 122.47
149.90 -24.54 120.68
150.68 -25.92 118.96
151.73 -27.45 117.62
152.53 -29.30 117.37
153.03 -30.66 116.45
153.37 -31.65 114.74
153.53 -32.59 112.76
153.68 -33.41 110.60
153.43 -34.40 109.13
153.30 -35.65 107.83
153.50 -37.09 105.85
153.89 -38.67 103.75
154.38 -40.39 101.34
154.86 -41.97 99.09
155.14 -43.57 97.43
155.15 -45.00 96.58
155.24 -46.29 95.96
155.61 -47.37 95.02
156.13 -48.25 93.67
156.38 -48.71 92.45
156.59 -49.10 91.27
156.69 -49.49 90.40
157.05 -50.01 89.48
157.64 -50.55 88.43
158.17 -50.96 87.40
158.42 -51.32 86.76
158.56 -51.69 86.17
158.83 -52.01 85.55
159.03 -52.20 85.08
159.19 -52.42 84.82
159.03 -52.55 84.81
158.64 -52.48 85.04
158.17 -52.35 85.28
157.84 -52.52 85.22
157.67 -52.75 85.14
157.50 -52.98 85.05
157.37 -53.14 85.01
157.07 -53.40 85.02
156.89 -53.62 84.92
156.82 -53.79 84.69
157.05 -54.02 84.21
157.18 -54.22 83.76
157.33 -54.32 83.49
157.26 -54.37 83.43
157.08 -54.52 83.35
157.07 -54.61 83.14
157.06 -54.69 82.99
157.18 -54.81 82.77
157.12 -54.81 82.75
156.94 -54.76 83.04
156.72 -54.61 83.39
156.43 -54.42 83.85
155.95 -54.27 84.55
155.54 -54.06 85.21
154.92 -53.75 86.10
154.40 -53.35 87.04
153.69 -52.79 88.35
152.80 -52.05 89.91
151.82 -51.17 91.55
150.88 -50.22 93.04
149.69 -49.11 95.10
148.56 -48.05 97.58
147.42 -46.76 100.12
146.49 -45.29 102.31
145.50 -43.73 104.27
144.49 -42.39 106.11
143.35 -41.24 108.35
142.28 -40.03 110.38
141.46 -38.47 112.06
140.63 -36.96 113.25
139.67 -35.50 114.41
138.74 -34.06 115.45
137.66 -32.62 116.46
136.73 -31.32 117.43
135.92 -30.10 118.29
135.12 -28.89 119.26
134.29 -27.77 120.63
133.59 -26.38 122.11
132.90 -24.80 123.31
132.21 -23.08 124.50
131.54 -21.44 125.75
130.86 -19.88 127.30
130.34 -18.38 128.89
129.78 -16.64 130.50
129.26 -14.84 131.85
128.60 -12.81 133.03
128.17 -11.13 134.13
127.70 -9.49 135.53
127.35 -7.92 136.73
127.01 -6.24 137.84
126.72 -4.72 138.73
126.32 -2.91 139.64
126.00 -1.19 140.55
125.74 0.57 141.79
125.37 2.34 142.90
124.93 4.52 143.58
124.46 6.75 143.94
123.90 9.14 144.12
123.44 10.98 144.30
123.07 12.71 144.90
122.68 14.84 145.49
122.20 17.10 145.71
121.65 19.22 145.77
121.10 21.09 145.80
120.76 22.89 146.25
120.59 24.58 147.27
120.21 26.53 148.05
119.47 28.62 147.86
118.64 30.43 147.40
118.50 31.95 147.70
118.54 33.71 148.28
118.56 35.69 149.02
118.27 37.61 149.63
117.71 39.54 149.60
117.00 41.37 148.78
116.61 42.90 148.35
116.66 44.53 148.89
116.66 46.24 149.32
116.38 47.85 149.51
115.62 49.59 148.93
114.92 51.09 148.30
114.48 52.32 148.19
114.05 53.69 148.49
113.39 55.19 148.41
112.06 56.52 147.34
110.53 57.72 145.61
110.03 58.51 145.03
109.93 59.28 145.09
109.85 59.93 145.02
109.31 60.35 144.25
109.31 60.32 143.99
110.15 60.09 144.62
111.05 59.85 145.56
111.66 59.57 146.08
111.92 59.30 146.17
112.32 59.06 146.41
112.76 58.91 146.77
112.97 58.71 146.84
112.82 58.54 146.45
112.66 58.30 145.97
112.93 57.95 145.75
113.28 57.65 145.75
113.43 57.22 145.36
113.43 56.39 144.31
113.13 55.68 142.48
112.93 54.98 140.40
113.00 54.31 138.63
113.89 53.29 138.14
115.14 52.09 138.72
116.12 50.46 139.16
117.06 48.29 139.02
117.64 45.71 138.11
118.40 42.62 137.06
119.57 39.70 136.67
120.58 36.79 136.00
121.39 33.79 134.60
122.60 30.21 133.81
124.14 26.76 134.45
125.57 23.48 135.53
126.29 20.83 135.87
126.53 18.29 134.78
127.07 15.28 133.62
128.18 11.58 133.09
129.20 8.37 132.68
129.83 6.48 130.44
130.09 5.25 127.09
130.38 3.39 124.24
131.12 0.41 124.52
132.16 -3.12 125.80
133.16 -5.26 124.65
133.65 -6.57 121.27
133.79 -8.44 118.98
133.74 -11.19 118.54
133.70 -13.90 119.17
134.08 -15.72 117.75
134.57 -17.40 114.70
134.76 -19.47 112.91
134.38 -22.50 113.92
134.41 -24.88 114.55
135.14 -26.72 113.36
135.98 -27.93 110.04
136.63 -29.38 106.29
136.77 -31.29 105.04
136.67 -33.81 105.87
136.86 -35.35 106.04
137.29 -36.27 104.74
137.71 -36.91 102.83
138.22 -37.48 100.23
138.70 -38.69 98.48
139.00 -40.70 98.02
139.34 -42.39 97.93
139.91 -43.76 97.36
140.73 -44.78 96.19
141.63 -45.82 94.74
142.43 -46.82 93.31
143.06 -47.95 92.15
143.49 -49.18 91.65
143.93 -50.44 91.42
144.46 -51.43 91.20
145.27 -52.29 90.69
146.16 -53.00 89.98
146.90 -53.40 89.30
147.37 -53.81 88.97
147.75 -54.32 88.81
148.27 -54.93 88.46
148.73 -55.25 87.86
149.03 -55.43 87.19
149.32 -55.71 86.53
149.44 -56.16 86.12
149.52 -56.45 85.88
149.60 -56.66 85.80
149.65 -56.70 85.81
149.64 -56.75 85.89
149.79 -56.89 85.77
149.75 -57.01 85.72
149.56 -56.95 85.89
149.07 -56.79 86.31
148.62 -56.61 86.67
148.19 -56.55 86.98
147.72 -56.47 87.31
147.35 -56.49 87.62
147.09 -56.54 87.81
146.86 -56.59 87.97
146.67 -56.64 88.17
146.43 -56.77 88.44
146.38 -56.99 88.48
146.31 -57.11 88.45
145.95 -57.15 88.56
145.81 -57.19 88.55
145.61 -57.32 88.63
145.52 -57.40 88.66
145.58 -57.52 88.57
145.77 -57.69 88.45
145.74 -57.74 88.71
145.54 -57.52 89.24
145.04 -57.11 90.22
144.41 -56.48 91.54
143.75 -55.72 93.08
142.95 -54.96 94.97
141.92 -53.99 97.74
140.95 -52.73 100.82
140.08 -51.06 103.93
139.40 -49.33 106.61
138.42 -47.32 109.16
137.34 -45.43 111.46
136.18 -43.56 113.90
135.16 -41.90 116.00
134.36 -40.07 117.78
133.39 -38.22 119.34
132.44 -36.47 121.09
131.29 -34.70 123.41
130.29 -32.79 125.66
129.37 -30.49 127.51
128.60 -28.35 128.96
127.72 -26.39 130.43
126.93 -24.70 131.92
126.11 -22.82 133.59
125.42 -21.04 135.41
124.88 -18.92 137.14
124.29 -16.76 138.57
123.81 -14.59 139.83
123.34 -12.65 140.96
123.02 -10.58 142.20
122.70 -8.68 143.50
122.52 -6.62 144.71
122.37 -4.45 145.76
122.12 -2.00 146.91
121.77 0.15 147.67
121.51 2.09 148.37
121.42 3.76 149.16
121.48 5.67 149.78
121.28 7.85 150.21
120.98 10.41 150.49
120.72 12.50 150.87
120.72 14.11 151.43
120.71 16.24 151.61
120.63 18.42 151.62
120.69 20.78 152.03
120.80 22.79 153.12
120.97 24.95 154.10
121.19 26.88 154.86
121.31 29.18 155.59
121.50 31.47 156.60
121.86 33.78 158.10
122.38 36.09 159.19
122.24 38.45 159.47
122.15 40.44 159.73
122.14 42.54 160.06
122.29 44.36 160.53
122.23 46.52 160.87
122.06 48.34 161.04
121.53 50.26 160.67
120.90 52.00 160.04
120.06 53.73 159.14
118.93 55.45 157.93
117.31 57.19 156.23
115.81 58.37 154.37
114.34 59.61 152.38
113.50 60.73 151.19
112.84 61.73 150.07
112.43 62.59 149.31
112.69 63.14 149.29
113.20 63.62 149.55
114.10 63.73 150.21
115.39 63.40 151.44
116.37 63.04 152.45
116.81 62.72 152.88
117.37 62.23 153.30
117.78 61.69 153.64
117.96 61.16 153.74
117.95 60.77 153.60
117.89 60.48 153.41
117.48 60.10 152.65
117.29 59.40 151.97
117.40 58.55 151.38
117.42 57.82 150.52
117.24 56.98 149.04
117.29 55.69 147.42
117.74 53.92 146.05
119.26 52.06 146.11
120.38 50.99 145.73
121.30 49.75 144.83
122.18 48.10 143.41
123.58 45.94 142.91
125.06 43.89 142.82
126.46 41.78 142.53
127.42 39.48 141.16
128.45 37.07 139.79
129.76 34.78 139.79
130.95 32.27 140.02
131.56 29.89 138.88
131.95 26.86 136.63
132.64 23.74 134.89
133.50 20.88 134.31
133.82 19.39 133.46
133.84 17.84 131.32
134.04 15.33 128.93
134.63 12.18 126.94
135.06 9.74 126.14
135.37 7.47 125.98
135.84 4.78 125.61
136.48 1.94 123.93
137.07 -0.72 122.31
137.30 -3.24 121.72
137.57 -5.58 121.86
138.05 -8.03 121.64
138.66 -10.32 120.96
139.21 -12.33 119.33
139.45 -13.84 117.29
139.56 -15.60 116.32
139.95 -17.77 116.26
140.35 -19.71 115.65
140.85 -21.31 114.36
141.05 -22.56 112.56
141.08 -23.93 111.01
141.27 -25.75 110.14
141.84 -27.94 108.98
142.61 -29.68 107.19
142.94 -31.16 105.26
143.07 -32.41 103.64
143.00 -33.95 102.27
142.98 -35.63 101.17
143.15 -37.48 99.92
143.51 -39.29 98.72
144.15 -41.17 97.43
144.82 -42.75 96.22
145.56 -44.22 94.91
146.15 -45.48 93.69
146.73 -46.83 92.50
147.30 -48.23 91.38
147.95 -49.50 90.21
148.55 -50.52 89.17
149.41 -51.39 88.05
150.14 -52.06 87.16
150.80 -52.59 86.44
151.38 -53.12 85.75
151.67 -53.42 85.24
151.93 -53.70 84.84
151.96 -54.06 84.67
151.81 -54.21 84.41
151.62 -54.27 84.21
151.39 -54.37 83.98
151.16 -54.56 83.91
150.85 -54.72 83.90
150.58 -54.75 83.96
150.31 -54.82 84.06
150.24 -55.13 84.00
150.21 -55.44 83.82
150.20 -55.67 83.61
150.05 -55.82 83.60
149.90 -56.02 83.60
149.74 -56.19 83.54
149.87 -56.44 83.22
150.02 -56.67 82.88
150.04 -56.87 82.71
149.93 -57.05 82.63
149.94 -57.21 82.50
149.83 -57.37 82.38
149.80 -57.48 82.34
149.80 -57.62 82.28
150.00 -57.87 82.06
150.12 -58.03 81.85
150.12 -58.13 81.79
150.18 -58.24 81.60
150.16 -58.34 81.36
150.42 -58.51 81.04
150.52 -58.65 80.89
150.60 -58.77 80.85
150.71 -58.89 80.80
150.73 -59.00 80.84
150.72 -59.13 81.08
150.77 -59.30 81.27
150.88 -59.43 81.29
150.81 -59.40 81.38
150.67 -59.40 81.53
150.62 -59.51 81.62
150.67 -59.61 81.60
150.68 -59.66 81.61
150.75 -59.82 81.55
150.75 -59.77 81.48
150.72 -59.69 81.50
150.60 -59.66 81.65
150.58 -59.62 81.64
150.54 -59.56 81.69
150.48 -59.50 81.78
150.45 -59.47 81.78
150.32 -59.38 81.94
150.18 -59.28 82.05
150.16 -59.24 82.06
150.28 -59.18 81.90
150.30 -59.25 81.90
150.16 -59.29 82.11
149.89 -59.25 82.42
149.66 -59.20 82.67
149.58 -59.20 82.75
149.51 -59.24 82.75
149.42 -59.27 82.80
149.43 -59.38 82.73
149.43 -59.48 82.66
149.38 -59.51 82.62
149.23 -59.50 82.69
149.21 -59.52 82.59
149.17 -59.55 82.49
149.06 -59.55 82.49
149.09 -59.52 82.46
149.17 -59.46 82.43
149.10 -59.33 82.59
148.93 -59.22 82.90
148.89 -59.21 83.08
149.03 -59.23 83.02
149.07 -59.23 83.04
148.93 -59.28 83.33
148.49 -59.32 83.68
148.33 -59.34 83.88
148.14 -59.37 83.99
148.02 -59.37 84.15
147.72 -59.37 84.43
147.50 -59.27 84.69
147.38 -59.25 84.79
147.29 -59.26 84.84
147.38 -59.29 84.71
147.41 -59.36 84.64
147.42 -59.40 84.57
147.43 -59.49 84.47
147.44 -59.54 84.30
147.43 -59.49 84.21
147.37 -59.44 84.12
147.34 -59.37 84.06
147.40 -59.28 83.93
147.36 -59.31 83.95
147.26 -59.30 84.08
147.15 -59.25 84.21
147.08 -59.20 84.29
146.95 -59.18 84.40
146.94 -59.21 84.38
146.99 -59.29 84.27
146.89 -59.34 84.34
146.86 -59.36 84.38
146.82 -59.39 84.35
146.91 -59.46 84.29
147.10 -59.60 84.15
147.27 -59.71 84.09
147.20 -59.71 84.27
147.09 -59.75 84.50
147.08 -59.85 84.62
146.97 -59.95 84.74
146.98 -60.01 84.84
146.94 -59.97 85.00
146.90 -59.92 85.13
146.73 -59.84 85.35
146.57 -59.81 85.59
146.43 -59.91 85.72
146.50 -59.91 85.69
146.45 -59.85 85.79
146.30 -59.75 86.09
146.05 -59.65 86.46
145.90 -59.50 86.61
145.80 -59.46 86.69
145.81 -59.45 86.63
145.71 -59.43 86.65
145.43 -59.34 86.76
145.15 -59.37 86.88
144.81 -59.36 86.90
144.77 -59.40 86.74
144.85 -59.44 86.46
145.02 -59.42 86.18
145.24 -59.41 85.96
145.27 -59.43 85.83
145.26 -59.57 85.74
145.20 -59.76 85.69
145.32 -59.95 85.42
145.43 -60.14 85.28
145.33 -60.32 85.38
145.15 -60.41 85.67
144.76 -60.35 85.93
144.40 -60.26 86.31
144.15 -60.16 86.52
144.16 -60.20 86.50
144.08 -60.29 86.53
144.18 -60.27 86.44
144.23 -60.16 86.37
144.30 -60.03 86.24
144.52 -59.86 86.00
144.67 -59.69 85.77
144.93 -59.55 85.47
145.22 -59.44 85.06
145.65 -59.43 84.63
145.97 -59.41 84.40
146.09 -59.38 84.41
146.03 -59.33 84.54
145.83 -59.35 84.72
145.78 -59.49 84.90
145.71 -59.66 85.08
145.61 -59.79 85.32
145.40 -59.86 85.58
145.20 -59.94 85.83
144.85 -60.04 86.10
144.61 -60.10 86.36
144.41 -60.14 86.55
144.18 -60.08 86.82
143.93 -60.00 86.99
143.92 -59.92 86.96
144.08 -59.84 86.78
144.13 -59.75 86.63
144.37 -59.63 86.36
144.58 -59.50 86.11
144.76 -59.42 85.94
145.11 -59.39 85.61
145.46 -59.32 85.25
145.64 -59.24 85.03
145.81 -59.18 84.88
145.98 -59.15 84.68
146.31 -59.17 84.38
146.47 -59.18 84.27
146.43 -59.16 84.43
146.38 -59.15 84.55
146.29 -59.13 84.70
146.16 -59.11 84.91
146.09 -59.11 85.08
145.98 -59.11 85.28
145.73 -59.07 85.59
145.53 -59.14 85.87
145.27 -59.11 86.08
145.02 -59.07 86.37
144.96 -59.10 86.41
144.79 -59.14 86.50
144.75 -59.11 86.49
144.54 -59.08 86.60
144.21 -58.99 86.86
143.98 -58.97 86.97
144.03 -59.04 86.83